22.4 12.5 
27.1 5.5 
18.7 39.8 
25.7 29.4 
0.3 5.6 
0.3 10.6 
14.5 17.4 
9.8 5.5 
17.8 21.0 
4.5 24.8 
3.0 7.3 
2.1 22.8 
4.6 33.1 
21.1 11.7 
22.1 33.0 
2.3 15.2 
27.8 11.5 
5.0 21.1 
23.2 19.8 
8.5 34.7 
9.6 29.4 
15.7 19.1 
12.2 32.2 
16.9 10.9 
22.0 8.9 
21.9 18.3 
3.3 33.4 
14.7 39.8 
24.1 27.2 
6.7 30.8 
29.1 24.9 
22.3 0.9 
3.0 7.9 
16.7 15.6 
2.7 30.5 
22.3 12.2 
5.2 37.3 
23.4 40.3 
25.6 32.7 
18.9 29.4 
8.9 36.5 
22.1 36.9 
4.6 22.4 
16.7 18.2 
17.0 34.6 
11.4 1.5 
15.1 29.3 
10.0 37.1 
4.9 36.1 
5.7 13.4 
28.4 26.5 
14.3 0.4 
21.4 33.1 
29.6 26.0 
16.2 17.9 
13.8 17.0 
5.0 36.0 
8.6 13.2 
10.5 1.5 
28.4 2.1 
9.0 23.0 
23.9 18.0 
18.2 9.9 
13.3 8.1 
25.7 8.7 
18.5 21.5 